#=========================================================================
#  COLUMN LABELS: SMaxis   rp   ecc   inc   Tiss   indexRun
#  Units: km,rad,s
#=========================================================================
    1.605336E+09     7.527122E+08     5.311185E-01     1.353440E-01       2.903134   61
    1.617480E+09     7.529969E+08     5.344628E-01     1.354111E-01       2.902573   62
    1.629049E+09     7.532454E+08     5.376164E-01     1.354742E-01       2.902025   63
    1.640041E+09     7.534576E+08     5.405862E-01     1.355349E-01       2.901487   64
    1.650449E+09     7.536338E+08     5.433765E-01     1.355953E-01       2.900959   65
    1.660200E+09     7.537741E+08     5.459740E-01     1.356523E-01       2.900443   66
    1.669324E+09     7.538787E+08     5.483928E-01     1.357095E-01       2.899935   67
    1.677765E+09     7.539475E+08     5.506239E-01     1.357653E-01       2.899438   68
    1.685446E+09     7.539807E+08     5.526520E-01     1.358165E-01       2.898956   69
    1.692288E+09     7.539783E+08     5.544623E-01     1.358604E-01       2.898493   70
    1.698549E+09     7.539402E+08     5.561269E-01     1.359125E-01       2.898027   71
    1.704003E+09     7.538667E+08     5.575907E-01     1.359618E-01       2.897575   72
    1.708533E+09     7.537576E+08     5.588276E-01     1.360018E-01       2.897145   73
    1.712389E+09     7.536128E+08     5.599055E-01     1.360481E-01       2.896716   74
    1.715366E+09     7.534324E+08     5.607746E-01     1.360898E-01       2.896303   75
    1.717438E+09     7.532161E+08     5.614303E-01     1.361256E-01       2.895908   76
    1.718758E+09     7.529641E+08     5.619138E-01     1.361650E-01       2.895518   77
    1.719054E+09     7.526763E+08     5.621568E-01     1.361926E-01       2.895156   78
    1.718731E+09     7.523522E+08     5.622629E-01     1.362315E-01       2.894787   79
    1.717464E+09     7.519919E+08     5.621499E-01     1.362629E-01       2.894439   80
    1.715309E+09     7.515955E+08     5.618309E-01     1.362902E-01       2.894108   81
    1.712293E+09     7.511626E+08     5.613119E-01     1.363144E-01       2.893793   82
    1.708577E+09     7.506927E+08     5.606328E-01     1.363439E-01       2.893480   83
    1.703912E+09     7.501861E+08     5.597272E-01     1.363641E-01       2.893191   84
    1.698502E+09     7.496422E+08     5.586452E-01     1.363851E-01       2.892912   85
    1.692247E+09     7.490610E+08     5.573572E-01     1.364009E-01       2.892652   86
    1.685328E+09     7.484419E+08     5.559072E-01     1.364204E-01       2.892397   87
    1.677543E+09     7.477852E+08     5.542379E-01     1.364306E-01       2.892167   88
    1.669193E+09     7.470892E+08     5.524249E-01     1.364480E-01       2.891937   89
    1.660077E+09     7.463554E+08     5.504093E-01     1.364588E-01       2.891728   90
    1.650219E+09     7.455826E+08     5.481916E-01     1.364625E-01       2.891541   91
    1.639858E+09     7.447696E+08     5.458330E-01     1.364731E-01       2.891355   92
    1.628821E+09     7.439174E+08     5.432786E-01     1.364766E-01       2.891191   93
    1.617114E+09     7.430252E+08     5.405240E-01     1.364713E-01       2.891051   94
    1.604999E+09     7.420917E+08     5.376373E-01     1.364730E-01       2.890912   95
    1.592306E+09     7.411172E+08     5.345636E-01     1.364677E-01       2.890794   96
    1.579139E+09     7.401010E+08     5.313261E-01     1.364601E-01       2.890691   97
    1.565526E+09     7.390423E+08     5.279273E-01     1.364499E-01       2.890603   98
    1.551528E+09     7.379407E+08     5.243781E-01     1.364387E-01       2.890528   99
    1.537179E+09     7.367953E+08     5.206835E-01     1.364277E-01       2.890465  100
    1.522464E+09     7.356057E+08     5.168321E-01     1.364118E-01       2.890419  101
    1.507445E+09     7.343712E+08     5.128370E-01     1.363939E-01       2.890388  102
    1.492159E+09     7.330907E+08     5.087048E-01     1.363745E-01       2.890370  103
    1.476600E+09     7.317641E+08     5.044262E-01     1.363499E-01       2.890370  104
    1.460840E+09     7.303897E+08     5.000206E-01     1.363238E-01       2.890384  105
    1.444874E+09     7.289675E+08     4.954804E-01     1.362933E-01       2.890416  106
    1.428832E+09     7.274949E+08     4.908464E-01     1.362672E-01       2.890452  107
    1.412583E+09     7.259730E+08     4.860671E-01     1.362308E-01       2.890513  108
    1.396241E+09     7.244000E+08     4.811784E-01     1.361915E-01       2.890590  109
    1.379861E+09     7.227735E+08     4.761983E-01     1.361536E-01       2.890675  110
    1.363410E+09     7.210941E+08     4.711097E-01     1.361099E-01       2.890779  111
    1.346970E+09     7.193588E+08     4.659431E-01     1.360676E-01       2.890892  112
    1.330459E+09     7.175692E+08     4.606603E-01     1.360132E-01       2.891032  113
    1.314065E+09     7.157189E+08     4.553397E-01     1.359695E-01       2.891169  114
    1.297604E+09     7.138131E+08     4.498991E-01     1.359069E-01       2.891341  115
    1.281274E+09     7.118438E+08     4.444249E-01     1.358524E-01       2.891513  116
    1.264979E+09     7.098142E+08     4.388727E-01     1.357876E-01       2.891708  117
    1.248802E+09     7.077193E+08     4.332815E-01     1.357240E-01       2.891913  118
    1.232751E+09     7.055574E+08     4.276561E-01     1.356602E-01       2.892127  119
    1.216830E+09     7.033272E+08     4.220004E-01     1.355949E-01       2.892353  120
    2.781871E+09     7.527841E+08     7.293965E-01     1.752115E-01       2.836397  121
    2.825880E+09     7.531637E+08     7.334764E-01     1.752524E-01       2.835683  122
    2.868684E+09     7.534962E+08     7.373373E-01     1.753015E-01       2.834969  123
    2.909404E+09     7.537817E+08     7.409154E-01     1.753476E-01       2.834279  124
    2.948211E+09     7.540203E+08     7.442448E-01     1.753966E-01       2.833598  125
    2.984654E+09     7.542121E+08     7.473033E-01     1.754461E-01       2.832934  126
    3.018612E+09     7.543576E+08     7.500979E-01     1.754970E-01       2.832284  127
    3.050198E+09     7.544566E+08     7.526532E-01     1.755541E-01       2.831639  128
    3.078487E+09     7.545095E+08     7.549090E-01     1.756069E-01       2.831021  129
    3.103804E+09     7.545161E+08     7.569060E-01     1.756635E-01       2.830414  130
    3.126087E+09     7.544765E+08     7.586515E-01     1.757247E-01       2.829816  131
    3.144597E+09     7.543906E+08     7.600994E-01     1.757825E-01       2.829243  132
    3.159964E+09     7.542587E+08     7.613078E-01     1.758480E-01       2.828673  133
    3.171199E+09     7.540804E+08     7.622097E-01     1.759086E-01       2.828132  134
    3.178869E+09     7.538560E+08     7.628540E-01     1.759740E-01       2.827602  135
    3.182794E+09     7.535853E+08     7.632315E-01     1.760418E-01       2.827085  136
    3.182520E+09     7.532681E+08     7.633108E-01     1.761060E-01       2.826595  137
    3.178813E+09     7.529045E+08     7.631492E-01     1.761781E-01       2.826110  138
    3.170994E+09     7.524943E+08     7.626945E-01     1.762475E-01       2.825650  139
    3.159604E+09     7.520373E+08     7.619837E-01     1.763213E-01       2.825202  140
    3.144632E+09     7.515332E+08     7.610108E-01     1.763976E-01       2.824768  141
    3.125800E+09     7.509822E+08     7.597472E-01     1.764718E-01       2.824360  142
    3.103556E+09     7.503834E+08     7.582182E-01     1.765474E-01       2.823969  143
    3.078393E+09     7.497376E+08     7.564516E-01     1.766294E-01       2.823586  144
    3.049666E+09     7.490433E+08     7.543851E-01     1.767060E-01       2.823235  145
    3.018481E+09     7.483010E+08     7.520935E-01     1.767908E-01       2.822888  146
    2.984314E+09     7.475103E+08     7.495202E-01     1.768726E-01       2.822569  147
    2.947951E+09     7.466705E+08     7.467154E-01     1.769607E-01       2.822258  148
    2.909012E+09     7.457816E+08     7.436306E-01     1.770447E-01       2.821977  149
    2.868107E+09     7.448431E+08     7.403015E-01     1.771312E-01       2.821713  150
    2.825711E+09     7.438543E+08     7.367550E-01     1.772246E-01       2.821456  151
    2.781374E+09     7.428152E+08     7.329323E-01     1.773125E-01       2.821231  152
    2.735834E+09     7.417248E+08     7.288853E-01     1.774048E-01       2.821020  153
    2.689155E+09     7.405832E+08     7.246037E-01     1.774980E-01       2.820828  154
    2.641433E+09     7.393892E+08     7.200803E-01     1.775906E-01       2.820660  155
    2.593052E+09     7.381426E+08     7.153383E-01     1.776854E-01       2.820509  156
    2.544209E+09     7.368426E+08     7.103844E-01     1.777834E-01       2.820373  157
    2.495173E+09     7.354878E+08     7.052358E-01     1.778867E-01       2.820248  158
    2.445625E+09     7.340789E+08     6.998400E-01     1.779835E-01       2.820159  159
    2.396155E+09     7.326141E+08     6.942543E-01     1.780852E-01       2.820082  160
    2.346732E+09     7.310929E+08     6.884634E-01     1.781857E-01       2.820029  161
    2.297691E+09     7.295143E+08     6.825011E-01     1.782919E-01       2.819986  162
    2.248761E+09     7.278779E+08     6.763205E-01     1.783923E-01       2.819976  163
    2.200626E+09     7.261807E+08     6.700118E-01     1.785057E-01       2.819963  164
    2.152796E+09     7.244242E+08     6.634962E-01     1.786119E-01       2.819986  165
    2.105565E+09     7.226068E+08     6.568109E-01     1.787181E-01       2.820030  166
    2.059054E+09     7.207260E+08     6.499722E-01     1.788262E-01       2.820092  167
    2.013286E+09     7.187818E+08     6.429808E-01     1.789349E-01       2.820175  168
    1.968424E+09     7.167716E+08     6.358652E-01     1.790487E-01       2.820269  169
    1.924460E+09     7.146939E+08     6.286262E-01     1.791663E-01       2.820377  170
    1.881226E+09     7.125498E+08     6.212312E-01     1.792766E-01       2.820520  171
    1.839053E+09     7.103344E+08     6.137500E-01     1.793961E-01       2.820667  172
    1.797669E+09     7.080491E+08     6.061294E-01     1.795073E-01       2.820850  173
    1.757368E+09     7.056891E+08     5.984397E-01     1.796277E-01       2.821038  174
    1.717978E+09     7.032546E+08     5.906499E-01     1.797450E-01       2.821251  175
    1.679598E+09     7.007423E+08     5.827916E-01     1.798659E-01       2.821478  176
    1.642143E+09     6.981522E+08     5.748530E-01     1.799838E-01       2.821731  177
    1.605736E+09     6.954788E+08     5.668784E-01     1.801088E-01       2.821992  178
    1.570218E+09     6.927236E+08     5.588360E-01     1.802275E-01       2.822284  179
    1.535681E+09     6.898823E+08     5.507646E-01     1.803482E-01       2.822592  180
    7.842848E+09     7.526922E+08     9.040282E-01     2.054554E-01       2.767976  181
    8.254021E+09     7.531398E+08     9.087548E-01     2.054707E-01       2.767130  182
    8.679550E+09     7.535325E+08     9.131830E-01     2.054951E-01       2.766291  183
    9.112704E+09     7.538703E+08     9.172726E-01     2.055216E-01       2.765475  184
    9.551409E+09     7.541535E+08     9.210427E-01     2.055550E-01       2.764673  185
    9.988060E+09     7.543822E+08     9.244716E-01     2.055916E-01       2.763893  186
    1.042005E+10     7.545568E+08     9.275861E-01     2.056358E-01       2.763124  187
    1.084091E+10     7.546771E+08     9.303862E-01     2.056881E-01       2.762365  188
    1.123702E+10     7.547434E+08     9.328342E-01     2.057432E-01       2.761630  189
    1.160326E+10     7.547559E+08     9.349531E-01     2.058045E-01       2.760911  190
    1.192636E+10     7.547142E+08     9.367188E-01     2.058691E-01       2.760216  191
    1.220347E+10     7.546189E+08     9.381636E-01     2.059413E-01       2.759533  192
    1.242154E+10     7.544695E+08     9.392612E-01     2.060180E-01       2.758871  193
    1.257719E+10     7.542664E+08     9.400290E-01     2.061012E-01       2.758225  194
    1.266393E+10     7.540093E+08     9.404601E-01     2.061904E-01       2.757596  195
    1.267231E+10     7.536983E+08     9.405240E-01     2.062810E-01       2.756999  196
    1.261180E+10     7.533329E+08     9.402676E-01     2.063794E-01       2.756412  197
    1.248089E+10     7.529135E+08     9.396747E-01     2.064836E-01       2.755846  198
    1.228505E+10     7.524398E+08     9.387516E-01     2.065941E-01       2.755296  199
    1.202725E+10     7.519114E+08     9.374827E-01     2.067088E-01       2.754771  200
    1.171800E+10     7.513287E+08     9.358825E-01     2.068292E-01       2.754265  201
    1.136401E+10     7.506909E+08     9.339414E-01     2.069535E-01       2.753784  202
    1.097883E+10     7.499977E+08     9.316869E-01     2.070865E-01       2.753315  203
    1.056592E+10     7.492497E+08     9.290881E-01     2.072216E-01       2.752876  204
    1.013565E+10     7.484456E+08     9.261571E-01     2.073610E-01       2.752460  205
    9.698146E+09     7.475855E+08     9.229146E-01     2.075079E-01       2.752062  206
    9.260987E+09     7.466689E+08     9.193748E-01     2.076638E-01       2.751675  207
    8.823382E+09     7.456958E+08     9.154864E-01     2.078190E-01       2.751325  208
    8.397051E+09     7.446656E+08     9.113182E-01     2.079853E-01       2.750984  209
    7.979371E+09     7.435776E+08     9.068125E-01     2.081518E-01       2.750677  210
    7.578330E+09     7.424316E+08     9.020323E-01     2.083288E-01       2.750381  211
    7.191347E+09     7.412272E+08     8.969279E-01     2.085060E-01       2.750119  212
    6.823602E+09     7.399637E+08     8.915582E-01     2.086939E-01       2.749868  213
    6.471945E+09     7.386405E+08     8.858704E-01     2.088816E-01       2.749652  214
    6.140035E+09     7.372567E+08     8.799263E-01     2.090796E-01       2.749448  215
    5.825141E+09     7.358126E+08     8.736833E-01     2.092784E-01       2.749279  216
    5.529098E+09     7.343062E+08     8.671924E-01     2.094868E-01       2.749121  217
    5.250481E+09     7.327372E+08     8.604438E-01     2.097016E-01       2.748985  218
    4.987877E+09     7.311051E+08     8.534236E-01     2.099190E-01       2.748878  219
    4.741621E+09     7.294088E+08     8.461689E-01     2.101445E-01       2.748789  220
    4.509929E+09     7.276478E+08     8.386565E-01     2.103720E-01       2.748731  221
    4.292903E+09     7.258205E+08     8.309255E-01     2.106083E-01       2.748689  222
    4.089007E+09     7.239260E+08     8.229580E-01     2.108479E-01       2.748675  223
    3.898050E+09     7.219633E+08     8.147886E-01     2.110961E-01       2.748678  224
    3.718589E+09     7.199315E+08     8.063966E-01     2.113464E-01       2.748712  225
    3.550390E+09     7.178288E+08     7.978169E-01     2.116051E-01       2.748762  226
    3.392609E+09     7.156540E+08     7.890550E-01     2.118710E-01       2.748833  227
    3.244361E+09     7.134060E+08     7.801089E-01     2.121416E-01       2.748929  228
    3.104862E+09     7.110838E+08     7.709773E-01     2.124143E-01       2.749056  229
    2.973993E+09     7.086843E+08     7.617061E-01     2.126974E-01       2.749196  230
    2.850717E+09     7.062075E+08     7.522702E-01     2.129821E-01       2.749369  231
    2.735055E+09     7.036495E+08     7.427293E-01     2.132802E-01       2.749545  232
    2.625790E+09     7.010113E+08     7.330284E-01     2.135759E-01       2.749765  233
    2.522977E+09     6.982888E+08     7.232282E-01     2.138814E-01       2.749998  234
    2.426013E+09     6.954808E+08     7.133235E-01     2.141918E-01       2.750255  235
    2.334565E+09     6.925842E+08     7.033348E-01     2.145095E-01       2.750532  236
    2.248166E+09     6.895982E+08     6.932619E-01     2.148317E-01       2.750835  237
    2.166597E+09     6.865189E+08     6.831349E-01     2.151620E-01       2.751156  238
    2.089441E+09     6.833445E+08     6.729535E-01     2.154970E-01       2.751500  239
    2.016427E+09     6.800728E+08     6.627337E-01     2.158370E-01       2.751870  240
