(i,j):(9,2)    Obs: SUN    ObsID: 10        Tg: EARTH    TgID: 399
-2.649903E+07 1.446973E+08 -6.122175E+02
-2.906908E+07 1.442022E+08 -5.864256E+02
-3.163020E+07 1.436620E+08 -5.415053E+02
-3.418156E+07 1.430769E+08 -4.795013E+02
-3.672233E+07 1.424471E+08 -4.030934E+02
-3.925166E+07 1.417727E+08 -3.155289E+02
-4.176873E+07 1.410539E+08 -2.205392E+02
-4.427271E+07 1.402911E+08 -1.222361E+02
-4.676278E+07 1.394845E+08 -2.498518E+01
-4.923812E+07 1.386342E+08 6.674009E+01
-5.169795E+07 1.377408E+08 1.485214E+02
-5.414146E+07 1.368044E+08 2.161743E+02
-5.656788E+07 1.358255E+08 2.659457E+02
-5.897647E+07 1.348043E+08 2.947356E+02
-6.136649E+07 1.337413E+08 3.003494E+02
-6.373721E+07 1.326369E+08 2.817733E+02
-6.608795E+07 1.314915E+08 2.394458E+02
-6.841804E+07 1.303055E+08 1.754638E+02
-7.072681E+07 1.290792E+08 9.363144E+01
-7.301364E+07 1.278131E+08 -7.325561E-01
-7.527788E+07 1.265076E+08 -1.012616E+02
-7.751890E+07 1.251630E+08 -2.012089E+02
-7.973607E+07 1.237797E+08 -2.941573E+02
-8.192873E+07 1.223582E+08 -3.745980E+02
-8.409622E+07 1.208987E+08 -4.382742E+02
-8.623787E+07 1.194017E+08 -4.822854E+02
-8.835302E+07 1.178676E+08 -5.050196E+02
-9.044100E+07 1.162969E+08 -5.059982E+02
-9.250113E+07 1.146901E+08 -4.857039E+02
-9.453275E+07 1.130475E+08 -4.454294E+02
-9.653521E+07 1.113697E+08 -3.871621E+02
-9.850785E+07 1.096573E+08 -3.135019E+02
-1.004500E+08 1.079107E+08 -2.275981E+02
-1.023611E+08 1.061305E+08 -1.330897E+02
-1.042405E+08 1.043174E+08 -3.403194E+01
-1.060875E+08 1.024718E+08 6.520620E+01
-1.079017E+08 1.005944E+08 1.600830E+02
-1.096823E+08 9.868583E+07 2.460648E+02
-1.114289E+08 9.674676E+07 3.188397E+02
-1.131409E+08 9.477784E+07 3.745530E+02
-1.148178E+08 9.277974E+07 4.100475E+02
-1.164591E+08 9.075316E+07 4.230950E+02
-1.180643E+08 8.869877E+07 4.126068E+02
-1.196331E+08 8.661729E+07 3.788076E+02
-1.211649E+08 8.450941E+07 3.233555E+02
-1.226594E+08 8.237581E+07 2.493732E+02
-1.241162E+08 8.021719E+07 1.613493E+02
-1.255351E+08 7.803421E+07 6.487440E+01
-1.269155E+08 7.582753E+07 -3.379677E+01
-1.282572E+08 7.359780E+07 -1.283074E+02
-1.295599E+08 7.134567E+07 -2.127843E+02
-1.308231E+08 6.907177E+07 -2.823271E+02
-1.320465E+08 6.677676E+07 -3.333114E+02
-1.332299E+08 6.446128E+07 -3.634860E+02
-1.343727E+08 6.212602E+07 -3.719031E+02
-1.354747E+08 5.977166E+07 -3.587520E+02
-1.365355E+08 5.739888E+07 -3.251642E+02
-1.375548E+08 5.500841E+07 -2.730350E+02
-1.385323E+08 5.260096E+07 -2.048837E+02
-1.394676E+08 5.017727E+07 -1.237532E+02
-1.403604E+08 4.773810E+07 -3.314025E+01
-1.412105E+08 4.528420E+07 6.306365E+01
-1.420176E+08 4.281635E+07 1.606389E+02
-1.427815E+08 4.033533E+07 2.551355E+02
-1.435018E+08 3.784193E+07 3.420195E+02
-1.441784E+08 3.533697E+07 4.168761E+02
-1.448112E+08 3.282126E+07 4.756676E+02
-1.453998E+08 3.029563E+07 5.150232E+02
-1.459443E+08 2.776092E+07 5.325264E+02
-1.464444E+08 2.521794E+07 5.269581E+02
-1.469001E+08 2.266753E+07 4.984607E+02
-1.473114E+08 2.011050E+07 4.485988E+02
-1.476782E+08 1.754766E+07 3.803100E+02
-1.480005E+08 1.497980E+07 2.977463E+02
-1.482783E+08 1.240769E+07 2.060147E+02
-1.485116E+08 9.832091E+06 1.108279E+02
-1.487005E+08 7.253748E+06 1.808679E+01
-1.488449E+08 4.673387E+06 -6.656781E+01
-1.489449E+08 2.091727E+06 -1.381786E+02
-1.490005E+08 -4.905168E+05 -1.928103E+02
-1.490118E+08 -3.072631E+06 -2.277559E+02
-1.489787E+08 -5.653899E+06 -2.415956E+02
-1.489012E+08 -8.233597E+06 -2.341270E+02
-1.487795E+08 -1.081100E+07 -2.062121E+02
-1.486135E+08 -1.338536E+07 -1.595899E+02
-1.484033E+08 -1.595594E+07 -9.669538E+01
-1.481488E+08 -1.852199E+07 -2.050811E+01
-1.478503E+08 -2.108274E+07 6.556091E+01
-1.475078E+08 -2.363745E+07 1.577516E+02
-1.471213E+08 -2.618534E+07 2.520197E+02
-1.466910E+08 -2.872563E+07 3.441054E+02
-1.462170E+08 -3.125756E+07 4.296289E+02
-1.456995E+08 -3.378033E+07 5.042368E+02
-1.451386E+08 -3.629317E+07 5.638166E+02
-1.445346E+08 -3.879527E+07 6.047814E+02
-1.438875E+08 -4.128586E+07 6.244008E+02
-1.431977E+08 -4.376414E+07 6.211291E+02
-1.424655E+08 -4.622934E+07 5.948585E+02
-1.416911E+08 -4.868069E+07 5.470336E+02
-1.408748E+08 -5.111746E+07 4.805906E+02
-1.400171E+08 -5.353891E+07 3.997299E+02
-1.391182E+08 -5.594435E+07 3.095679E+02
-1.381785E+08 -5.833311E+07 2.157260E+02
-1.371984E+08 -6.070453E+07 1.239126E+02
-1.361783E+08 -6.305796E+07 3.953434E+01
-1.351185E+08 -6.539280E+07 -3.263852E+01
-1.340193E+08 -6.770842E+07 -8.873563E+01
-1.328812E+08 -7.000423E+07 -1.259668E+02
-1.317044E+08 -7.227962E+07 -1.427098E+02
-1.304894E+08 -7.453400E+07 -1.385067E+02
-1.292365E+08 -7.676677E+07 -1.139801E+02
-1.279460E+08 -7.897733E+07 -7.069326E+01
-1.266183E+08 -8.116507E+07 -1.098250E+01
-1.252539E+08 -8.332940E+07 6.221090E+01
-1.238530E+08 -8.546971E+07 1.454901E+02
-1.224160E+08 -8.758538E+07 2.351238E+02
-1.209434E+08 -8.967583E+07 3.271408E+02
-1.194356E+08 -9.174043E+07 4.174076E+02
-1.178930E+08 -9.377859E+07 5.017059E+02
-1.163160E+08 -9.578970E+07 5.758331E+02
-1.147051E+08 -9.777316E+07 6.357497E+02
-1.130608E+08 -9.972835E+07 6.777953E+02
-1.113835E+08 -1.016547E+08 6.989805E+02
-1.096738E+08 -1.035516E+08 6.973369E+02
-1.079323E+08 -1.054184E+08 6.722655E+02
-1.061594E+08 -1.072546E+08 6.247933E+02
-1.043558E+08 -1.090597E+08 5.576412E+02
-1.025221E+08 -1.108331E+08 4.750471E+02
-1.006589E+08 -1.125743E+08 3.823679E+02
-9.876679E+07 -1.142828E+08 2.855495E+02
-9.684645E+07 -1.159583E+08 1.905852E+02
-9.489848E+07 -1.176003E+08 1.030517E+02
-9.292349E+07 -1.192084E+08 2.776822E+01
-9.092208E+07 -1.207822E+08 -3.142043E+01
-8.889484E+07 -1.223214E+08 -7.175888E+01
-8.684238E+07 -1.238255E+08 -9.161801E+01
-8.476526E+07 -1.252943E+08 -9.047315E+01
-8.266408E+07 -1.267274E+08 -6.883630E+01
-8.053941E+07 -1.281244E+08 -2.815154E+01
-7.839184E+07 -1.294850E+08 2.933666E+01
-7.622194E+07 -1.308088E+08 1.007307E+02
-7.403031E+07 -1.320954E+08 1.826296E+02
-7.181753E+07 -1.333446E+08 2.712709E+02
-6.958420E+07 -1.345560E+08 3.626546E+02
-6.733094E+07 -1.357293E+08 4.526510E+02
-6.505834E+07 -1.368640E+08 5.370945E+02
-6.276705E+07 -1.379600E+08 6.118777E+02
-6.045768E+07 -1.390168E+08 6.730626E+02
-5.813089E+07 -1.400340E+08 7.170311E+02
-5.578733E+07 -1.410115E+08 7.406956E+02
-5.342768E+07 -1.419489E+08 7.417788E+02
-5.105263E+07 -1.428458E+08 7.191505E+02
-4.866289E+07 -1.437020E+08 6.731651E+02
-4.625920E+07 -1.445173E+08 6.059026E+02
-4.384230E+07 -1.452912E+08 5.211962E+02
-4.141297E+07 -1.460238E+08 4.243695E+02
-3.897196E+07 -1.467146E+08 3.217040E+02
-3.652004E+07 -1.473637E+08 2.197620E+02
-3.405797E+07 -1.479709E+08 1.247356E+02
-3.158647E+07 -1.485360E+08 4.195436E+01
-2.910629E+07 -1.490590E+08 -2.440095E+01
-2.661812E+07 -1.495399E+08 -7.140205E+01
-2.412266E+07 -1.499785E+08 -9.735377E+01
-2.162062E+07 -1.503747E+08 -1.017077E+02
-1.911266E+07 -1.507287E+08 -8.494774E+01
-1.659947E+07 -1.510402E+08 -4.846820E+01
-1.408172E+07 -1.513092E+08 5.550648E+00
-1.156007E+07 -1.515358E+08 7.426808E+01
-9.035198E+06 -1.517198E+08 1.543116E+02
-6.507764E+06 -1.518612E+08 2.419081E+02
-3.978440E+06 -1.519600E+08 3.330143E+02
-1.447895E+06 -1.520161E+08 4.234436E+02
1.083195E+06 -1.520295E+08 5.089865E+02
3.614152E+06 -1.520002E+08 5.855254E+02
6.144292E+06 -1.519282E+08 6.491505E+02
8.672924E+06 -1.518135E+08 6.962879E+02
1.119935E+07 -1.516559E+08 7.238547E+02
1.372286E+07 -1.514556E+08 7.294580E+02
1.624274E+07 -1.512126E+08 7.116439E+02
1.875825E+07 -1.509268E+08 6.701865E+02
2.126864E+07 -1.505983E+08 6.063709E+02
2.377316E+07 -1.502271E+08 5.231813E+02
2.627103E+07 -1.498134E+08 4.252842E+02
2.876148E+07 -1.493572E+08 3.187185E+02
3.124373E+07 -1.488587E+08 2.103000E+02
3.371702E+07 -1.483180E+08 1.068682E+02
3.618061E+07 -1.477354E+08 1.457252E+01
3.863376E+07 -1.471112E+08 -6.163708E+01
4.107578E+07 -1.464454E+08 -1.182518E+02
4.350599E+07 -1.457384E+08 -1.532173E+02
4.592371E+07 -1.449905E+08 -1.658061E+02
4.832829E+07 -1.442018E+08 -1.564305E+02
5.071909E+07 -1.433727E+08 -1.264546E+02
5.309546E+07 -1.425034E+08 -7.802712E+01
5.545679E+07 -1.415942E+08 -1.394147E+01
5.780245E+07 -1.406453E+08 6.248549E+01
6.013182E+07 -1.396569E+08 1.475255E+02
6.244428E+07 -1.386295E+08 2.371518E+02
6.473924E+07 -1.375631E+08 3.271577E+02
6.701607E+07 -1.364582E+08 4.132839E+02
6.927417E+07 -1.353149E+08 4.913517E+02
7.151293E+07 -1.341336E+08 5.574022E+02
7.373174E+07 -1.329146E+08 6.078387E+02
7.592997E+07 -1.316581E+08 6.395764E+02
7.810702E+07 -1.303644E+08 6.502047E+02
8.026225E+07 -1.290338E+08 6.381682E+02
8.239503E+07 -1.276666E+08 6.029686E+02
8.450472E+07 -1.262632E+08 5.453752E+02
8.659067E+07 -1.248240E+08 4.676086E+02
8.865223E+07 -1.233491E+08 3.734305E+02
9.068873E+07 -1.218392E+08 2.680558E+02
9.269953E+07 -1.202945E+08 1.578147E+02
9.468397E+07 -1.187156E+08 4.956821E+01
9.664142E+07 -1.171028E+08 -5.002341E+01
9.857128E+07 -1.154568E+08 -1.351960E+02
1.004730E+08 -1.137780E+08 -2.015733E+02
1.023459E+08 -1.120670E+08 -2.463774E+02
1.041897E+08 -1.103242E+08 -2.683870E+02
1.060036E+08 -1.085503E+08 -2.677414E+02
1.077873E+08 -1.067458E+08 -2.456855E+02
1.095403E+08 -1.049111E+08 -2.043268E+02
1.112621E+08 -1.030468E+08 -1.464348E+02
1.129522E+08 -1.011535E+08 -7.528670E+01
1.146101E+08 -9.923168E+07 5.450996E+00
1.162356E+08 -9.728185E+07 9.182141E+01
1.178280E+08 -9.530455E+07 1.796738E+02
1.193870E+08 -9.330032E+07 2.647701E+02
1.209122E+08 -9.126967E+07 3.429101E+02
1.224031E+08 -8.921315E+07 4.100769E+02
1.238593E+08 -8.713127E+07 4.626002E+02
1.252805E+08 -8.502458E+07 4.973293E+02
1.266661E+08 -8.289360E+07 5.118088E+02
1.280157E+08 -8.073889E+07 5.044487E+02
1.293290E+08 -7.856098E+07 4.746824E+02
1.306055E+08 -7.636044E+07 4.231063E+02
1.318448E+08 -7.413785E+07 3.515869E+02
1.330464E+08 -7.189378E+07 2.633115E+02
1.342099E+08 -6.962885E+07 1.627428E+02
1.353350E+08 -6.734370E+07 5.542980E+01
1.364211E+08 -6.503898E+07 -5.235848E+01
1.374679E+08 -6.271537E+07 -1.541683E+02
1.384750E+08 -6.037359E+07 -2.439880E+02
1.394420E+08 -5.801434E+07 -3.168352E+02
1.403687E+08 -5.563838E+07 -3.691709E+02
1.412547E+08 -5.324644E+07 -3.990652E+02
1.420998E+08 -5.083924E+07 -4.061301E+02
1.429038E+08 -4.841753E+07 -3.912961E+02
1.436664E+08 -4.598202E+07 -3.565293E+02
1.443874E+08 -4.353345E+07 -3.045584E+02
1.450666E+08 -4.107251E+07 -2.386534E+02
1.457038E+08 -3.859993E+07 -1.624598E+02
1.462989E+08 -3.611640E+07 -7.988036E+01
1.468517E+08 -3.362262E+07 5.015546E+00
1.473621E+08 -3.111930E+07 8.807528E+01
1.478299E+08 -2.860713E+07 1.651581E+02
1.482550E+08 -2.608680E+07 2.322561E+02
1.486372E+08 -2.355898E+07 2.856479E+02
1.489765E+08 -2.102437E+07 3.220840E+02
1.492726E+08 -1.848364E+07 3.389914E+02
1.495256E+08 -1.593747E+07 3.346780E+02
1.497352E+08 -1.338656E+07 3.085113E+02
1.499013E+08 -1.083158E+07 2.610483E+02
1.500238E+08 -8.273235E+06 1.940974E+02
1.501026E+08 -5.712237E+06 1.107014E+02
1.501376E+08 -3.149311E+06 1.503177E+01
1.501287E+08 -5.851982E+05 -8.781165E+01
1.500757E+08 1.979340E+06 -1.921003E+02
1.499785E+08 4.543525E+06 -2.918731E+02
1.498372E+08 7.106562E+06 -3.814027E+02
1.496517E+08 9.667640E+06 -4.556799E+02
1.494220E+08 1.222594E+07 -5.108348E+02
1.491481E+08 1.478065E+07 -5.444177E+02
1.488300E+08 1.733095E+07 -5.554918E+02
1.484679E+08 1.987602E+07 -5.445431E+02
1.480619E+08 2.241508E+07 -5.132598E+02
1.476120E+08 2.494733E+07 -4.642533E+02
1.471184E+08 2.747200E+07 -4.007848E+02
1.465814E+08 2.998833E+07 -3.265360E+02
1.460009E+08 3.249557E+07 -2.454376E+02
1.453773E+08 3.499297E+07 -1.615484E+02
1.447108E+08 3.747979E+07 -7.896709E+01
1.440014E+08 3.995532E+07 -1.757355E+00
1.432495E+08 4.241884E+07 6.613826E+01
1.424552E+08 4.486965E+07 1.210126E+02
1.416187E+08 4.730705E+07 1.595504E+02
1.407404E+08 4.973035E+07 1.790285E+02
1.398204E+08 5.213888E+07 1.775488E+02
1.388589E+08 5.453196E+07 1.542716E+02
1.378562E+08 5.690892E+07 1.096060E+02
1.368125E+08 5.926907E+07 4.531064E+01
1.357280E+08 6.161175E+07 -3.553217E+01
1.346029E+08 6.393625E+07 -1.286765E+02
1.334376E+08 6.624188E+07 -2.289915E+02
1.322322E+08 6.852791E+07 -3.308233E+02
1.309871E+08 7.079363E+07 -4.283976E+02
1.297024E+08 7.303829E+07 -5.162286E+02
1.283785E+08 7.526116E+07 -5.895003E+02
1.270159E+08 7.746149E+07 -6.443922E+02
1.256147E+08 7.963852E+07 -6.783181E+02
1.241755E+08 8.179154E+07 -6.900521E+02
1.226986E+08 8.391982E+07 -6.797287E+02
1.211845E+08 8.602264E+07 -6.487225E+02
1.196337E+08 8.809932E+07 -5.994404E+02
1.180466E+08 9.014917E+07 -5.350681E+02
1.164238E+08 9.217155E+07 -4.593167E+02
1.147658E+08 9.416582E+07 -3.762021E+02
1.130730E+08 9.613135E+07 -2.898715E+02
1.113461E+08 9.806754E+07 -2.044784E+02
1.095855E+08 9.997380E+07 -1.240912E+02
1.077917E+08 1.018496E+08 -5.261979E+01
1.059655E+08 1.036943E+08 6.264608E+00
1.041072E+08 1.055074E+08 4.923563E+01
1.022175E+08 1.072883E+08 7.346223E+01
1.002970E+08 1.090366E+08 7.681168E+01
9.834607E+07 1.107518E+08 5.809637E+01
9.636541E+07 1.124333E+08 1.733071E+01
9.435554E+07 1.140807E+08 -4.406201E+01
9.231700E+07 1.156935E+08 -1.231677E+02
9.025033E+07 1.172713E+08 -2.156855E+02
8.815609E+07 1.188134E+08 -3.162327E+02
8.603482E+07 1.203194E+08 -4.188047E+02
8.388709E+07 1.217889E+08 -5.173012E+02
8.171349E+07 1.232213E+08 -6.060223E+02
7.951464E+07 1.246160E+08 -6.800691E+02
7.729116E+07 1.259726E+08 -7.356223E+02
7.504370E+07 1.272907E+08 -7.701024E+02
7.277296E+07 1.285695E+08 -7.822289E+02
7.047962E+07 1.298089E+08 -7.719961E+02
6.816441E+07 1.310081E+08 -7.405786E+02
6.582807E+07 1.321670E+08 -6.901791E+02
6.347135E+07 1.332849E+08 -6.238335E+02
6.109501E+07 1.343616E+08 -5.451931E+02
5.869981E+07 1.353966E+08 -4.583049E+02
5.628654E+07 1.363898E+08 -3.674122E+02
5.385598E+07 1.373406E+08 -2.767871E+02
5.140891E+07 1.382488E+08 -1.905995E+02
4.894611E+07 1.391142E+08 -1.128185E+02
4.646837E+07 1.399365E+08 -4.713147E+01
4.397647E+07 1.407155E+08 3.135007E+00
4.147120E+07 1.414509E+08 3.511357E+01
3.895334E+07 1.421425E+08 4.653205E+01
3.642366E+07 1.427903E+08 3.589987E+01
3.388293E+07 1.433939E+08 2.742781E+00
3.133191E+07 1.439532E+08 -5.214183E+01
2.877135E+07 1.444682E+08 -1.264713E+02
2.620197E+07 1.449386E+08 -2.163975E+02
2.362452E+07 1.453644E+08 -3.166520E+02
2.103970E+07 1.457454E+08 -4.209533E+02
1.844826E+07 1.460814E+08 -5.226217E+02
1.585093E+07 1.463723E+08 -6.152617E+02
1.324847E+07 1.466180E+08 -6.933511E+02
1.064165E+07 1.468182E+08 -7.526334E+02
8.031281E+06 1.469729E+08 -7.902916E+02
5.418159E+06 1.470819E+08 -8.049487E+02
2.803117E+06 1.471452E+08 -7.965579E+02
1.869929E+05 1.471626E+08 -7.662417E+02
-2.429365E+06 1.471340E+08 -7.161114E+02
-5.045101E+06 1.470596E+08 -6.490824E+02
-7.659358E+06 1.469392E+08 -5.686911E+02
-1.027127E+07 1.467729E+08 -4.789126E+02
-1.287999E+07 1.465608E+08 -3.839824E+02
-1.548464E+07 1.463028E+08 -2.882281E+02
-1.808439E+07 1.459991E+08 -1.959160E+02
-2.067837E+07 1.456498E+08 -1.111196E+02
-2.326575E+07 1.452550E+08 -3.760885E+01
-2.584570E+07 1.448150E+08 2.124321E+01
